frame# registered new_points total_cloud per_frame_ms reproj recache_ms
    0          0          0            0         0.00   0.0000       0.00
    1          0          0            0         0.00   0.0000       0.00
    2          0          0            0         0.01   0.0000       0.00
    3          0          0            0         0.00   0.0000       0.00
    4          0          0            0         0.00   0.0000       0.00
    5          0          0            0        42.54   0.0000       6.70
    6          0          0            0        24.98   0.0000       3.92
    7          0          0            0        26.41   0.0000       5.17
    8          0          0            0        46.20   0.0000       6.20
    9          0          0            0        44.71   0.0000       7.03
   10          0       1312         1312       142.38   0.5155       7.80
   11          1       3597         4909      1099.92   0.6508       0.00
   12          1         87         4996       371.84   0.6965       0.00
   13          0          0         4996         0.30   0.6965       0.00
   14          0          0         4996         0.31   0.6965       0.00
   15          0          0         4996         0.53   0.6965       0.00
   16          0          0         4996         0.33   0.6965       0.00
   17          0          0         4996         0.30   0.6965       0.00
   18          0          0         4996        17.10   0.6965      16.76
   19          0          0         4996         0.33   0.6965       0.00
   20          0          0         4996         0.55   0.6965       0.00
   21          0          0         4996         0.35   0.6965       0.00
   22          0          0         4996         0.33   0.6965       0.00
   23          0          0         4996         0.32   0.6965       0.00
   24          0          0         4996         0.30   0.6965       0.00
   25          0          0         4996         0.30   0.6965       0.00
   26          0          0         4996        24.98   0.6965      24.59
   27          0          0         4996         0.33   0.6965       0.00
   28          0          0         4996         0.32   0.6965       0.00
   29          0          0         4996         0.70   0.6965       0.00
   30          0          0         4996         0.39   0.6965       0.00
   31          0          0         4996         0.34   0.6965       0.00
   32          0          0         4996         0.35   0.6965       0.00
   33          0          0         4996         0.56   0.6965       0.00
   34          0          0         4996        32.91   0.6965      32.54
   35          0          0         4996         0.31   0.6965       0.00
   36          0          0         4996         0.31   0.6965       0.00
   37          0          0         4996         0.30   0.6965       0.00
   38          0          0         4996         0.52   0.6965       0.00
   39          0          0         4996         0.34   0.6965       0.00
   40          0          0         4996         0.33   0.6965       0.00
   41          0          0         4996         0.33   0.6965       0.00
   42          0          0         4996        39.01   0.6965      38.63
   43          0          0         4996         0.31   0.6965       0.00
   44          0          0         4996         0.32   0.6965       0.00
   45          0          0         4996         0.31   0.6965       0.00
   46          0          0         4996         0.31   0.6965       0.00
   47          0          0         4996         0.31   0.6965       0.00
   48          0          0         4996         0.53   0.6965       0.00
   49          0          0         4996         0.32   0.6965       0.00
   50          0          0         4996        44.34   0.6965      43.98
   51          0          0         4996         0.34   0.6965       0.00
   52          0          0         4996         0.31   0.6965       0.00
   53          0          0         4996         0.29   0.6965       0.00
   54          0          0         4996         0.38   0.6965       0.00
   55          0          0         4996         0.45   0.6965       0.00
   56          0          0         4996         0.33   0.6965       0.00
   57          0          0         4996         0.36   0.6965       0.00
   58          0          0         4996        52.48   0.6965      52.05
   59          0          0         4996         0.42   0.6965       0.00
   60          0          0         4996         0.33   0.6965       0.00
   61          0          0         4996         0.33   0.6965       0.00
   62          0          0         4996         0.31   0.6965       0.00
   63          0          0         4996         0.34   0.6965       0.00
   64          0          0         4996         0.53   0.6965       0.00
   65          0          0         4996         0.33   0.6965       0.00
   66          0          0         4996        59.03   0.6965      58.62
   67          0          0         4996         0.32   0.6965       0.00
   68          0          0         4996         0.31   0.6965       0.00
   69          0          0         4996         0.33   0.6965       0.00

--- FAILURE DIAGNOSTIC (per unregistered fed frame) ---
image_id feed_idx reason num_visible num_corrs min_inliers attempts
     377       69      7          -1        -1          -1        0
     375       68      7          -1        -1          -1        0
     270       67      7          -1        -1          -1        0
     267       66      1           0        -1          30        4
     268       65      1           0        -1          30        4
     266       64      1           0        -1          30        4
     265       63      1           0        -1          30        4
     262       62      1           0        -1          30        4
     259       61      1           0        -1          30        4
     258       60      1           0        -1          30        4
     257       59      1           0        -1          30        4
     383       58      1           0        -1          30       12
     379       57      1           0        -1          30       12
     380       56      1           0        -1          30       12
     381       55      1           0        -1          30       12
      75       54      1           0        -1          30       12
      78       53      1           0        -1          30       12
      77       52      1           0        -1          30       12
      68       51      1           0        -1          30       12
      70       50      1           0        -1          30       20
      72       49      1           0        -1          30       20
      69       48      1           0        -1          30       20
      67       47      1           0        -1          30       20
      82       46      1           0        -1          30       20
      76       45      1           0        -1          30       20
      73       44      1           0        -1          30       20
      74       43      1           0        -1          30       20
      71       42      1           0        -1          30       20
      97       41      7          -1        -1          -1        0
     399       40      1           0        -1          30       28
     401       39      1           0        -1          30       28
     400       38      1           0        -1          30       28
     398       37      1           0        -1          30       28
     397       36      1           0        -1          30       28
     390       35      1           0        -1          30       28
     386       34      1           0        -1          30       36
     385       33      1           0        -1          30       36
     392       32      1           0        -1          30       36
     393       31      1           0        -1          30       36
     395       30      1           0        -1          30       36
     391       29      1           0        -1          30       36
     389       28      1           0        -1          30       36
     387       27      1           0        -1          30       36
     388       26      1           0        -1          30       44
     384       25      1           0        -1          30       44
     382       24      1           0        -1          30       44
     396       23      1           0        -1          30       44
     394       22      1           0        -1          30       44
     406       21      1           0        -1          30       44
     405       20      1           0        -1          30       44
     404       19      1           0        -1          30       44
     414       18      1           0        -1          30       52
     413       17      1           0        -1          30       52
     411       16      1           0        -1          30       52
     412       15      1           0        -1          30       52
     410       14      1           0        -1          30       52
     409       13      1           0        -1          30       52
     408       12      1           0        -1          30       52
     407       11      1           0        -1          30       52
     326        3      1           0        -1          30       61
     325        2      1           0        -1          30       61
     323        1      1           0        -1          30       60
     321        0      1           0        -1          30       61

--- FAILURE-REASON DISTRIBUTION (n_fail=63 of N=70) ---
  reason 1 too_few_visible_3D_pts         count= 59  avg_visible_3D=0.0
  reason 2 too_few_2D3D_corrs_for_PnP     count=  0  avg_visible_3D=-1.0
  reason 3 PnP_pose_est_failed            count=  0  avg_visible_3D=-1.0
  reason 4 too_few_inliers_after_pose     count=  0  avg_visible_3D=-1.0
  reason 5 pose_refine_failed             count=  0  avg_visible_3D=-1.0
  reason 6 other_early                    count=  0  avg_visible_3D=-1.0
  reason 7 never_attempted_not_in_cache   count=  4  avg_visible_3D=-1.0
  BIGGEST CAUSE: reason 1 (too_few_visible_3D_pts) = 59/63 failures

--- EARLY vs THROUGHOUT (failing frames per feed-index third) ---
  early (0..N/3)     fail= 16 / fed= 23  (70% fail)
  mid (N/3..2N/3)    fail= 23 / fed= 23  (100% fail)
  late (2N/3..N)     fail= 24 / fed= 24  (100% fail)

--- ARKit-prior bypassable? ---
  failures from LACK of visible 3D structure (reason 1+2) = 59/63 = 94%  <- a known ARKit pose prior would BYPASS these
INCREMENTAL_LIVE registered=7 points3d=4996 final_reproj=0.6965 max_reproj=0.6965
VERIFY live_mutation_works=1 (seeded=1 reg_after=1 final_reg=7 pts=4996)
VERIFY cloud_grows_per_frame=0 (grew 2/59 = 0.03)
VERIFY reproj_holds=1 (last 0.6965 max 0.6965 vs baseline 0.8504*1.05=0.8929)
VERIFY cost_bounded=1 (per-frame WALL median 0.33ms p95 59.03ms; first3rd 79.97ms last3rd 6.19ms; register-only median 0.00ms)
VERIFY coverage_frac=0.1000 (7/70 temporal)
RECACHE n=13 median=16.76ms max=58.62ms (the amortized O(subset) spike; off the per-frame register path)
VERDICT FAIL
